AreaCB AreaCH PerimeterCH MaxD MinD AverageD PointsCH AverageA slice0 slice1 slice2 slice3 slice4 slice5 slice6 slice7 slice8 slice9 class
-0.00448915 -0.884513 1.14715 22.8254 7.81025 15.8238 0.146789 1.8302 13 14 11 5 6 13 21 16 4 6 0
-0.00774506 -0.911847 1.07097 39.8246 6.32456 22.8603 0.138889 2.17826 30 8 4 5 27 27 11 4 6 22 0
1.35522e-05 1 1 1 1 1 1 0 1 0 1 0 0 1 0 1 0 0 0
1.35522e-05 1 1 1 1 1 1 0 1 0 1 0 0 1 0 1 0 0 0
3.72684e-05 1 1 2.23607 1 1.55519 0.857143 0.300348 1 1 1 1 1 0 0 1 0 1 0
-3.38804e-06 -1 1 1.41421 1 1.13807 1 0.785398 1 1 0 0 0 0 0 0 1 0 0
-0.000884278 -0.765396 1.06934 12.0416 2.82843 7.39718 0.176471 1.08011 2 10 8 2 2 2 7 8 9 1 0
1.35522e-05 1 1 1 1 1 1 0 1 0 1 0 0 1 0 1 0 0 0
1.35522e-05 1 1 1 1 1 1 0 1 0 1 0 0 1 0 1 0 0 0
1.35522e-05 1 1 1 1 1 1 0 1 0 1 0 0 1 0 1 0 0 0
1.35522e-05 1 1 1 1 1 1 0 1 0 1 0 0 1 0 1 0 0 0
-0.00223272 -0.851421 1.24235 14.1421 6.7082 10.437 0.160494 1.22869 5 9 7 8 6 10 9 6 7 14 0
-0.000142298 -0.913043 1.03337 5.38516 1 3.14887 0.227273 0.0174813 4 2 1 2 6 1 1 1 1 3 0
0 0 0 0 0 0 0 0 0 0 0 0 0 0 0 0 0 0 0
-0.000413341 -0.897059 1.04539 8.06226 2 4.86632 0.205882 -0.0395306 3 6 5 3 2 3 4 5 2 1 0
-0.0073351 -0.94459 1.07758 21.9545 15.5242 18.6585 0.145299 1.07217 11 13 11 12 8 11 13 13 12 13 0
0 0 0 0 0 0 0 0 0 0 0 0 0 0 0 0 0 0 0
-0.000782637 -0.927711 1.03892 9.43398 4.24264 6.3103 0.324324 0.682753 7 3 3 3 4 4 3 3 3 4 0
-0.00141959 -0.899142 1.0515 16.4012 3.60555 9.55607 0.213115 1.87248 3 2 8 13 4 2 4 10 11 4 0
0 0 0 0 0 0 0 0 0 0 0 0 0 0 0 0 0 0 0
-0.00373023 -0.932261 1.05046 22.4722 9 13.9223 0.142857 -0.579115 8 8 6 12 16 6 7 10 9 9 0
-0.0927001 -0.7064 1.35394 119.62 29.9666 73.3347 0.0195804 -1.42977 99 35 27 116 44 104 92 23 60 115 4
1.35522e-05 1 1 1 1 1 1 0 1 0 1 0 0 1 0 1 0 0 0
-0.154759 -0.652981 1.31259 190.539 30.1496 109.471 0.015873 0.12578 187 83 36 41 147 236 32 22 46 178 4
2.71043e-05 1 1 2 1 1.30474 1 1.5708 1 0 1 0 0 1 1 1 1 0 0
-0.0862086 -0.742075 1.29489 119.57 28.4253 70.8572 0.0184332 -1.52999 104 54 26 31 95 77 105 28 43 88 4
1.35522e-05 1 1 1 1 1 1 0 1 0 1 0 0 1 0 1 0 0 0
2.71043e-05 1 1 2 1 1.30474 1 0 1 1 1 1 0 1 0 1 0 0 0
2.71043e-05 1 1 2 1 1.30474 1 1.5708 1 0 1 0 0 1 1 1 1 0 0
1.35522e-05 1 1 1 1 1 1 0 1 0 1 0 0 1 0 1 0 0 0
-8.8089e-05 -0.787879 1.04272 4.24264 1 2.44828 0.4375 0.637343 3 3 0 1 1 3 1 1 1 2 0
-0.000128745 -0.926829 1.02026 5.09902 1 2.88814 0.3 2.01652 2 1 0 5 2 2 1 1 4 2 0
-0.0604833 -0.727406 1.27666 90.471 30.4138 58.8776 0.0230769 -1.68894 20 57 65 64 22 31 85 34 110 32 4
1.35522e-05 1 1 1 1 1 1 0 1 0 1 0 0 1 0 1 0 0 0
0 0 0 0 0 0 0 0 0 0 0 0 0 0 0 0 0 0 0
0 0 0 0 0 0 0 0 0 0 0 0 0 0 0 0 0 0 0
0 0 0 0 0 0 0 0 0 0 0 0 0 0 0 0 0 0 0
0 0 0 0 0 0 0 0 0 0 0 0 0 0 0 0 0 0 0
-0.0968471 -0.619004 1.36832 132.31 26.1725 78.8661 0.0169492 -1.5444 144 37 18 42 123 48 160 38 33 124 4
1.35522e-05 1 1 1 1 1 1 0 1 0 1 0 0 1 0 1 0 0 0
1.35522e-05 1 1 1 1 1 1 0 1 0 1 0 0 1 0 1 0 0 0
1.35522e-05 1 1 1 1 1 1 0 1 0 1 0 0 1 0 1 0 0 0
0 0 0 0 0 0 0 0 0 0 0 0 0 0 0 0 0 0 0
-0.0952005 -0.639006 1.25433 152.118 3.60555 86.2586 0.027137 0.754114 33 40 88 210 3 3 2 165 152 41 4
1.35522e-05 1 1 1 1 1 1 0 1 0 1 0 0 1 0 1 0 0 0
3.72684e-05 1 1 2.23607 0 1.61437 0.857143 0.785398 1 1 1 0 0 0 0 1 2 1 0
1.35522e-05 1 1 1 1 1 1 0 1 0 1 0 0 1 0 1 0 0 0
-0.149114 -0.636858 1.50767 180.801 31.0161 100.204 0.0155039 1.27719 60 48 55 197 119 21 26 147 228 131 1
3.72684e-05 1 1 2.23607 1 1.55519 0.857143 0.300348 1 1 1 1 1 0 0 1 0 1 0
1.35522e-05 1 1 1 1 1 1 0 1 0 1 0 0 1 0 1 0 0 0
-0.000999471 -0.954693 1.04875 8.94427 5 6.96727 0.292683 -0.288194 4 5 5 4 3 5 5 4 3 3 0
-0.00265622 -0.854962 1.17592 18.6011 5 11.6969 0.186047 -0.545899 7 9 5 10 19 8 5 7 8 8 0
0 0 0 0 0 0 0 0 0 0 0 0 0 0 0 0 0 0 0
0 0 0 0 0 0 0 0 0 0 0 0 0 0 0 0 0 0 0
0 0 0 0 0 0 0 0 0 0 0 0 0 0 0 0 0 0 0
-0.096261 -0.714354 1.2892 118.903 30.6105 73.6016 0.0230769 -2.09573 130 94 36 27 68 93 85 62 37 18 1
-0.000135522 -0.833333 1.06113 6.7082 1 3.13295 0.35 0.853176 3 1 2 1 2 1 1 1 2 6 0
-1.01641e-05 -0.3 1.17667 4.12311 0 1.88094 0.454545 0.513862 2 5 0 0 0 1 1 0 0 2 0
-6.09847e-05 -0.947368 1.01216 3.60555 0 2.1059 0.357143 1.29018 3 0 0 0 0 3 2 2 1 3 0
-0.00101302 -0.934375 1.04727 10.8167 5 7.17141 0.222222 0.862968 5 4 4 4 4 4 4 2 7 7 0
-0.00255458 -0.856818 1.17258 17.8045 4.12311 11.2469 0.178571 -1.01019 9 8 6 6 10 14 9 2 12 8 0
-1.01641e-05 -1 1 1.41421 0 0.882843 0.8 0.392699 1 1 0 0 1 0 0 0 0 2 0
-0.0753873 -0.710622 1.54095 106.283 24.1661 65.2871 0.0217077 -1.52703 22 90 82 40 24 50 112 165 40 66 1
1.35522e-05 1 1 1 1 1 1 0 1 0 1 0 0 1 0 1 0 0 0
2.71043e-05 1 1 2 1 1.30474 1 1.5708 1 0 1 0 0 1 1 1 1 0 0
1.35522e-05 1 1 1 1 1 1 0 1 0 1 0 0 1 0 1 0 0 0
-0.000111805 -0.825 1.03368 4.24264 1 2.55212 0.352941 0.142069 0 5 2 2 2 0 2 1 2 1 0
-0.000457385 -0.865385 1.09489 9.21954 2 5.38183 0.314286 1.83843 2 1 2 8 4 2 1 4 7 4 0
-0.000928323 -0.961404 1.02968 9.43398 5 6.77183 0.325 0.493843 6 4 4 4 4 3 3 3 4 5 0
-0.00275109 -0.892308 1.11627 18.6011 4.24264 11.9282 0.2 -0.406619 9 5 7 10 16 5 3 9 9 7 0
0 0 0 0 0 0 0 0 0 0 0 0 0 0 0 0 0 0 0
0 0 0 0 0 0 0 0 0 0 0 0 0 0 0 0 0 0 0
-0.0801203 -0.651945 1.59656 96.566 24.0208 63.2869 0.0206044 0.0258611 80 104 119 74 26 107 48 58 82 30 1
1.35522e-05 1 1 1 1 1 1 0 1 0 1 0 0 1 0 1 0 0 0
-0.00111805 -0.9375 1.11634 10.8167 6 7.52891 0.18 1.32828 4 4 4 4 5 4 4 7 8 6 0
-1.01641e-05 -1 1 2.23607 0 1.13006 0.8 0.879157 0 1 0 0 0 0 0 0 2 2 0
0 0 0 0 0 0 0 0 0 0 0 0 0 0 0 0 0 0 0
0 0 0 0 0 0 0 0 0 0 0 0 0 0 0 0 0 0 0
-0.117304 -0.679642 1.6803 117.393 35.3553 76.998 0.0209021 1.4218 99 73 83 76 33 90 115 166 97 77 1
2.71043e-05 1 1 2 1 1.30474 1 1.5708 1 0 1 0 0 1 1 1 1 0 0
0.000664056 0.94686 1.06938 8.94427 4 5.91056 0.236842 0.433162 3 3 7 5 2 2 3 3 6 4 0
0 0 0 0 0 0 0 0 0 0 0 0 0 0 0 0 0 0 0
0 0 0 0 0 0 0 0 0 0 0 0 0 0 0 0 0 0 0
0 0 0 0 0 0 0 0 0 0 0 0 0 0 0 0 0 0 0
-0.000867338 -0.937729 1.04796 8.60233 5 6.49562 0.325 0.976666 5 3 4 4 4 4 3 4 4 5 0
0 0 0 0 0 0 0 0 0 0 0 0 0 0 0 0 0 0 0
0 0 0 0 0 0 0 0 0 0 0 0 0 0 0 0 0 0 0
0 0 0 0 0 0 0 0 0 0 0 0 0 0 0 0 0 0 0
-3.38804e-06 -0.5 1.03402 1.41421 1 1.16569 0.6 0.284924 1 0 2 1 0 0 0 0 0 1 0
-0.000714876 -0.727586 1.26902 9.21954 3 6.15712 0.196078 -0.120195 4 9 4 3 10 4 4 4 5 4 0
1.35522e-05 1 1 1 1 1 1 0 1 0 1 0 0 1 0 1 0 0 0
-1.01641e-05 -1 1 2 0 1.08284 0.8 1.00818 1 0 0 0 0 0 0 0 3 1 0
-0.195761 -0.576158 1.85323 215.058 7.07107 114.006 0.0131406 2.11837 322 109 6 11 301 391 168 90 48 76 1
1.35522e-05 1 1 1 1 1 1 0 1 0 1 0 0 1 0 1 0 0 0
1.35522e-05 1 1 1 1 1 1 0 1 0 1 0 0 1 0 1 0 0 0
2.71043e-05 1 1 2 1 1.30474 1 1.5708 1 0 1 0 0 1 1 1 1 0 0
-0.000745369 -0.948276 1.03157 7.81025 5 5.97591 0.333333 1.07097 4 3 4 3 3 3 4 3 4 5 0
-0.00262912 -0.87191 1.12807 18.6011 4.47214 11.753 0.158537 0.258717 6 6 10 16 5 3 8 8 9 11 0
-0.00291033 -0.93675 1.04167 19.2354 7.2111 12.2172 0.148148 2.11571 9 7 8 7 6 14 9 4 8 9 0
-0.0328843 -0.854026 1.17829 82.4197 11.6619 46.9422 0.0597826 2.04487 74 24 8 19 58 74 31 10 21 49 0
-0.00304923 -0.929752 1.05381 20.2485 8.06226 12.8072 0.166667 0.866156 5 9 13 7 8 5 5 13 13 6 0
-0.000701324 -0.962791 1.028 7.81025 5 5.82421 0.314286 0.900972 3 3 3 4 3 3 4 3 3 6 0
-9.48651e-05 -0.8 1.06831 5 0 2.63824 0.333333 0.190701 5 1 1 1 3 3 0 0 2 2 0
1.35522e-05 1 1 1 1 1 1 0 1 0 1 0 0 1 0 1 0 0 0
-0.000609847 -0.703125 1.24257 9.89949 1 5.94061 0.229167 2.04583 5 2 1 8 9 3 4 6 5 5 0
-0.00419439 -0.791054 1.18676 29.1548 4.24264 16.4019 0.109375 1.22548 6 7 14 12 20 6 4 9 37 13 0
-0.000308312 -0.978495 1.00808 6.7082 1 4.33764 0.16129 0.173073 5 2 2 3 5 5 0 1 2 6 0
-0.0156934 -0.812062 1.39465 49.1935 8.06226 28.3457 0.0588235 -2.0284 18 28 45 19 18 17 16 54 43 14 0
1.35522e-05 1 1 1 1 1 1 0 1 0 1 0 0 1 0 1 0 0 0
4.74325e-05 1 1 2.23607 1 1.66257 0.75 -0.0540399 2 1 1 1 0 1 1 1 0 0 0
-0.0521995 -0.814453 1.18054 102.694 17.6918 58.4211 0.0428266 1.22147 94 15 14 22 111 60 26 22 27 76 0
1.35522e-05 1 1 1 1 1 1 0 1 0 1 0 0 1 0 1 0 0 0
1.35522e-05 1 1 1 1 1 1 0 1 0 1 0 0 1 0 1 0 0 0
1.35522e-05 1 1 1 1 1 1 0 1 0 1 0 0 1 0 1 0 0 0
-0.00311361 -0.933943 1.0421 21.1896 8.06226 12.9795 0.164706 1.03339 6 12 10 7 7 5 7 15 10 6 0
-0.000769085 -0.941909 1.03625 8.48528 5 6.12113 0.297297 0.52528 6 4 3 4 3 3 4 3 3 4 0
0 0 0 0 0 0 0 0 0 0 0 0 0 0 0 0 0 0 0
0 0 0 0 0 0 0 0 0 0 0 0 0 0 0 0 0 0 0
0 0 0 0 0 0 0 0 0 0 0 0 0 0 0 0 0 0 0
-0.036723 -0.665214 1.85654 86.7006 6.08276 43.6481 0.0363636 -2.74445 66 25 44 82 81 66 32 8 46 155 0
1.35522e-05 1 1 1 1 1 1 0 1 0 1 0 0 1 0 1 0 0 0
1.35522e-05 1 1 1 1 1 1 0 1 0 1 0 0 1 0 1 0 0 0
1.35522e-05 1 1 1 1 1 1 0 1 0 1 0 0 1 0 1 0 0 0
-0.000359132 -0.946429 1.01874 6.7082 2.82843 4.38717 0.2 1.5323 2 3 3 3 2 2 4 4 5 2 0
-0.00138571 -0.935927 1.12897 11.6619 5.38516 8.23089 0.169492 -0.958426 5 6 8 4 5 8 7 7 3 6 0
-0.0018973 -0.861538 1.18036 14.2127 6.7082 9.62416 0.142857 -1.64025 6 6 5 10 7 6 6 6 9 9 0
1.35522e-05 1 1 1 1 1 1 0 1 0 1 0 0 1 0 1 0 0 0
-0.00447221 -0.88 1.18466 26.9072 7.81025 15.9335 0.161017 1.59074 14 18 9 5 6 17 21 11 8 9 0
-0.00395045 -0.907393 1.15922 18.3848 4.12311 13.4091 0.13 -1.45285 10 9 8 13 9 9 10 13 7 12 0
-0.00329656 -0.845352 1.07086 19.4165 5 13.1533 0.120879 2.48843 9 9 9 6 11 19 5 3 11 9 0
-0.000664056 -0.848485 1.18125 8.60233 2.82843 5.7438 0.181818 0.102681 6 4 4 4 7 4 2 5 5 3 0
-0.079148 -0.624509 1.23529 136.015 7 72.4232 0.0225564 -1.64988 71 107 20 0 0 217 50 46 62 92 0
0.000115193 0.971429 1.00992 4.47214 1.41421 2.62671 0.5 0.980914 3 0 1 1 2 2 0 1 2 2 0
0 0 0 0 0 0 0 0 0 0 0 0 0 0 0 0 0 0 0
0 0 0 0 0 0 0 0 0 0 0 0 0 0 0 0 0 0 0
-0.0844265 -0.655332 1.20795 160.312 1.41421 86.4519 0.0263523 3.04005 181 151 28 20 36 178 127 0 0 0 2
0.000718264 0.950673 1.05836 8.544 4 5.91005 0.289474 0.205955 2 5 5 5 2 4 3 4 4 4 0
4.06565e-05 1 1 2 1 1.45711 0.75 0 1 1 1 1 0 1 1 1 1 0 0
4.06565e-05 1 1 2 1 1.45711 0.75 0 1 1 1 1 0 1 1 1 1 0 0
1.35522e-05 1 1 1 1 1 1 0 1 0 1 0 0 1 0 1 0 0 0
0 0 0 0 0 0 0 0 0 0 0 0 0 0 0 0 0 0 0
-0.0652333 -0.62576 1.18572 131.735 5.65685 72.6489 0.0257235 0.486443 78 20 17 62 192 18 5 9 131 90 2
1.35522e-05 1 1 1 1 1 1 0 1 0 1 0 0 1 0 1 0 0 0
-0.0910705 -0.615047 1.27832 176.819 2.23607 94.3098 0.0224439 0.768675 26 56 232 91 0 0 0 275 97 25 2
1.35522e-05 1 1 1 1 1 1 0 1 0 1 0 0 1 0 1 0 0 0
7.45369e-05 1 1 3 1 1.97727 0.7 8.74833e-17 2 1 1 1 1 1 1 1 1 0 0
3.72684e-05 1 1 2.23607 0 1.61437 0.857143 0.785398 1 1 1 0 0 0 0 1 2 1 0
1.35522e-05 1 1 1 1 1 1 0 1 0 1 0 0 1 0 1 0 0 0
1.35522e-05 1 1 1 1 1 1 0 1 0 1 0 0 1 0 1 0 0 0
0 0 0 0 0 0 0 0 0 0 0 0 0 0 0 0 0 0 0
-0.0774201 -0.690467 1.31508 134.317 29.0689 75.9955 0.0227618 -0.096257 34 19 23 178 63 53 33 23 37 196 2
4.06565e-05 1 1 2 1 1.45711 0.75 0 1 1 1 1 0 1 1 1 1 0 0
1.35522e-05 1 1 1 1 1 1 0 1 0 1 0 0 1 0 1 0 0 0
1.35522e-05 1 1 1 1 1 1 0 1 0 1 0 0 1 0 1 0 0 0
1.35522e-05 1 1 1 1 1 1 0 1 0 1 0 0 1 0 1 0 0 0
0 0 0 0 0 0 0 0 0 0 0 0 0 0 0 0 0 0 0
0 0 0 0 0 0 0 0 0 0 0 0 0 0 0 0 0 0 0
-0.0397349 -0.790137 1.30617 79.404 11.3137 45.2093 0.0436893 -1.777 27 30 26 36 53 41 30 25 104 40 2
0.00212091 0.908563 1.1253 13 8 10.109 0.176471 0.541923 7 8 10 6 5 5 6 8 7 6 0
-0.000470937 -0.932886 1.05612 7.07107 2.82843 5.08618 0.181818 0.466256 4 3 6 4 2 1 2 3 5 3 0
-0.000426893 -0.881119 1.06005 7.2111 2 4.84054 0.28125 -0.124218 2 3 2 5 6 2 1 2 4 5 0
0 0 0 0 0 0 0 0 0 0 0 0 0 0 0 0 0 0 0
0 0 0 0 0 0 0 0 0 0 0 0 0 0 0 0 0 0 0
-0.000562414 -0.801932 1.09762 13.6015 1.41421 6.66362 0.0961538 2.01689 8 2 0 3 15 6 3 3 6 6 0
-0.000389624 -0.864662 1.11552 8.544 2.23607 4.85276 0.257143 1.50521 3 2 2 2 3 7 3 2 3 8 0
-0.000403177 -0.952 1.03004 6.40312 2 4.64196 0.225806 0.574344 3 3 3 4 4 1 1 4 4 4 0
-0.000592907 -0.735294 1.14486 14.5602 3.60555 7.07966 0.132075 0.896091 19 2 2 3 4 3 8 5 3 4 0
-0.000101641 -0.714286 1.10162 6.32456 1 3.19336 0.208333 1.19934 4 3 0 0 0 1 7 1 3 5 0
-0.000152462 -0.978261 1.00926 4.24264 1 2.85063 0.263158 0.18621 3 2 2 2 2 3 0 1 2 2 0
-0.0570546 -0.612275 1.32489 119.942 8.60233 66.1163 0.025974 -1.97961 163 55 37 10 6 158 73 45 19 50 2
1.35522e-05 1 1 1 1 1 1 0 1 0 1 0 0 1 0 1 0 0 0
0.00179566 0.849359 1.13389 13.4536 5 9.48039 0.161765 0.678686 9 9 8 6 4 5 6 9 8 4 0
-0.0934455 -0.596488 1.26282 158.902 13.8924 90.9076 0.0258065 2.17398 16 103 208 45 12 12 165 165 34 15 1
-0.0833593 -0.641782 1.44961 149.696 3 75.6348 0.0229885 1.57315 8 7 176 125 33 18 40 255 188 20 5
3.72684e-05 1 1 2 1 1.46323 0.857143 0.785398 1 1 1 1 0 0 1 1 1 0 0
1.35522e-05 1 1 1 1 1 1 0 1 0 1 0 0 1 0 1 0 0 0
1.35522e-05 1 1 1 1 1 1 0 1 0 1 0 0 1 0 1 0 0 0
-0.0445154 -0.785356 1.1822 88.7525 12.8062 52.5996 0.04038 0.257144 36 16 22 74 78 14 13 42 49 77 5
1.35522e-05 1 1 1 1 1 1 0 1 0 1 0 0 1 0 1 0 0 0
-0.0559772 -0.639124 1.27211 112.614 6.7082 62.3139 0.024735 1.37996 52 151 18 8 9 118 106 31 22 51 5
-0.0581726 -0.687598 1.24874 106.607 10.198 62.5426 0.030888 -0.507305 76 31 22 37 57 111 51 9 10 114 5
1.35522e-05 1 1 1 1 1 1 0 1 0 1 0 0 1 0 1 0 0 0
1.35522e-05 1 1 1 1 1 1 0 1 0 1 0 0 1 0 1 0 0 0
-0.0491232 -0.718021 1.17557 91.214 19.6469 53.901 0.0327869 1.09479 14 35 78 51 21 33 40 49 86 20 5
-0.00728428 -0.775893 1.1088 65.3758 4.12311 31.4068 0.0357143 1.89895 3 3 4 10 95 16 5 5 17 94 0
0 0 0 0 0 0 0 0 0 0 0 0 0 0 0 0 0 0 0
0 0 0 0 0 0 0 0 0 0 0 0 0 0 0 0 0 0 0
-0.0738288 -0.650672 1.26566 144.402 18.0278 78.8417 0.0132159 -1.98811 152 19 14 23 141 122 33 14 28 135 4
1.35522e-05 1 1 1 1 1 1 0 1 0 1 0 0 1 0 1 0 0 0
0 0 0 0 0 0 0 0 0 0 0 0 0 0 0 0 0 0 0
-0.00539376 -0.894382 1.06097 51.3517 5 24.8944 0.0526316 2.55762 4 5 9 71 13 4 4 17 50 13 0
1.35522e-05 1 1 1 1 1 1 0 1 0 1 0 0 1 0 1 0 0 0
1.35522e-05 1 1 1 1 1 1 0 1 0 1 0 0 1 0 1 0 0 0
1.35522e-05 1 1 1 1 1 1 0 1 0 1 0 0 1 0 1 0 0 0
-0.0706643 -0.661015 1.24165 136.488 15.8114 73.5517 0.0226904 -1.93822 101 18 17 42 175 57 10 14 98 85 5
1.35522e-05 1 1 1 1 1 1 0 1 0 1 0 0 1 0 1 0 0 0
-0.000867338 -0.927536 1.03903 10.4403 3 6.84212 0.26087 0.819007 3 3 6 7 4 2 2 7 6 6 0
-0.00156189 -0.820285 1.07173 18.3848 3 10.7408 0.12987 -0.369616 14 4 2 4 15 16 2 2 4 14 0
-1.35522e-05 -0.571429 1.02322 3.16228 1 1.85628 0.333333 1.50552 2 0 0 0 0 3 2 2 1 2 0
0 0 0 0 0 0 0 0 0 0 0 0 0 0 0 0 0 0 0
-0.0819228 -0.630607 1.49145 137.084 18.4391 78.2624 0.0186104 -1.76445 20 25 102 153 18 12 29 222 136 89 1
1.35522e-05 1 1 1 1 1 1 0 1 0 1 0 0 1 0 1 0 0 0
5.75967e-05 1 1 3.16228 1 1.89502 0.777778 0.831437 1 1 1 1 0 0 1 1 1 2 0
-0.00105707 -0.746411 1.0564 42.0476 0 19.59 0.0576923 0.768665 10 72 0 0 0 7 60 3 3 1 0
-2.03282e-05 -0.428571 1.05816 5.09902 1 2.55661 0.222222 1.34412 3 0 0 0 0 4 3 2 0 6 0
0 0 0 0 0 0 0 0 0 0 0 0 0 0 0 0 0 0 0
-0.0812079 -0.683189 1.31853 134.826 17.8885 76.0712 0.0180451 -1.41 11 18 101 133 33 21 59 116 157 16 5
1.35522e-05 1 1 1 1 1 1 0 1 0 1 0 0 1 0 1 0 0 0
-0.000599683 -0.941489 1.05339 8.06226 3 5.49841 0.243243 0.741497 6 4 4 3 3 3 4 4 3 3 0
-0.0595617 -0.790112 1.29776 100.245 21 63.0162 0.0215054 -2.0441 97 102 24 14 24 100 106 26 27 38 3
0.000108417 1 1 5 1 2.58314 0.333333 -2.86098e-17 1 3 3 3 0 1 3 1 3 0 0
2.71043e-05 1 1 2 1 1.30474 1 0 1 1 1 1 0 1 0 1 0 0 0
1.35522e-05 1 1 1 1 1 1 0 1 0 1 0 0 1 0 1 0 0 0
1.35522e-05 1 1 1 1 1 1 0 1 0 1 0 0 1 0 1 0 0 0
1.35522e-05 1 1 1 1 1 1 0 1 0 1 0 0 1 0 1 0 0 0
-0.0375395 -0.850541 1.31994 70.2638 24.0832 45.2745 0.0343137 -1.45037 18 44 43 46 20 37 42 86 53 19 3
-0.00189391 -0.927032 1.04317 15.6525 6 10.0606 0.130435 0.225983 11 6 5 11 8 5 4 5 7 7 0
-3.38804e-05 -1 1 2.23607 1 1.43484 0.75 0.946273 1 0 1 1 0 1 0 1 1 2 0
-0.00265622 -0.647399 1.3231 27.6586 1 13.8154 0.109375 2.15586 35 3 11 6 11 28 16 5 4 9 0
0 0 0 0 0 0 0 0 0 0 0 0 0 0 0 0 0 0 0
-0.000467549 -0.913907 1.04318 6.40312 3.16228 4.89539 0.366667 0.847071 2 3 4 3 2 2 3 3 4 4 0
-0.0597616 -0.770969 1.1153 153.73 14.5602 78.7159 0.0229133 -1.15004 54 153 60 11 12 31 248 21 9 12 0
-0.00246988 -0.940645 1.03589 19.3132 7 11.545 0.116883 -0.0236415 11 8 5 7 15 6 5 5 8 7 0
0 0 0 0 0 0 0 0 0 0 0 0 0 0 0 0 0 0 0
-0.0712979 -0.736139 1.21103 147.187 19.105 76.1511 0.0276873 -1.0877 147 31 14 17 75 183 27 15 24 81 0
1.35522e-05 1 1 1 1 1 1 0 1 0 1 0 0 1 0 1 0 0 0
3.72684e-05 1 1 2.23607 1 1.55519 0.857143 0.300348 1 1 1 1 1 0 0 1 0 1 0
1.35522e-05 1 1 1 1 1 1 0 1 0 1 0 0 1 0 1 0 0 0
-0.0283918 -0.632405 1.27439 100.09 1 48.8913 0.0223214 1.4184 51 137 4 1 0 134 56 24 20 21 0
1.35522e-05 1 1 1 1 1 1 0 1 0 1 0 0 1 0 1 0 0 0
1.35522e-05 1 1 1 1 1 1 0 1 0 1 0 0 1 0 1 0 0 0
1.35522e-05 1 1 1 1 1 1 0 1 0 1 0 0 1 0 1 0 0 0
1.35522e-05 1 1 1 1 1 1 0 1 0 1 0 0 1 0 1 0 0 0
-0.0436786 -0.818332 1.14128 91.7878 13.1529 53.8499 0.028169 -0.572697 11 17 90 81 18 13 28 81 72 15 0
1.35522e-05 1 1 1 1 1 1 0 1 0 1 0 0 1 0 1 0 0 0
1.35522e-05 1 1 1 1 1 1 0 1 0 1 0 0 1 0 1 0 0 0
-0.0283918 -0.632405 1.27439 100.09 1 48.8913 0.0223214 1.4184 51 137 4 1 0 134 56 24 20 21 0
1.35522e-05 1 1 1 1 1 1 0 1 0 1 0 0 1 0 1 0 0 0
1.35522e-05 1 1 1 1 1 1 0 1 0 1 0 0 1 0 1 0 0 0
1.35522e-05 1 1 1 1 1 1 0 1 0 1 0 0 1 0 1 0 0 0
1.35522e-05 1 1 1 1 1 1 0 1 0 1 0 0 1 0 1 0 0 0
-0.0436786 -0.818332 1.14128 91.7878 13.1529 53.8499 0.028169 -0.572697 11 17 90 81 18 13 28 81 72 15 0
1.35522e-05 1 1 1 1 1 1 0 1 0 1 0 0 1 0 1 0 0 0
1.35522e-05 1 1 1 1 1 1 0 1 0 1 0 0 1 0 1 0 0 0
0 0 0 0 0 0 0 0 0 0 0 0 0 0 0 0 0 0 0
0 0 0 0 0 0 0 0 0 0 0 0 0 0 0 0 0 0 0
-0.00504818 -0.84563 1.12019 32.0156 4.47214 17.5578 0.113636 -0.564254 15 17 8 6 14 35 7 5 6 19 0
2.71043e-05 1 1 2 1 1.30474 1 0 1 1 1 1 0 1 0 1 0 0 0
-9.82531e-05 -1 1 3.60555 1 2.29556 0.333333 1.18979 2 2 0 1 2 1 2 1 2 2 0
0 0 0 0 0 0 0 0 0 0 0 0 0 0 0 0 0 0 0
-0.00055225 -0.920904 1.04203 8.06226 2 5.50574 0.179487 0.468371 5 3 2 5 6 4 2 1 6 5 0
-0.000348968 -0.730496 1.22134 6.40312 2.23607 4.52817 0.2 1.10631 3 4 5 2 1 2 8 2 4 4 0
6.09847e-05 0.9 1.07107 2.23607 1 1.77727 0.8 8.74833e-17 2 1 1 1 1 1 1 1 1 0 0
1.35522e-05 1 1 1 1 1 1 0 1 0 1 0 0 1 0 1 0 0 0
-6.77608e-06 -0.666667 1.02679 2.23607 0 1.17742 0.666667 0.42894 3 1 0 0 1 0 0 0 0 1 0
0 0 0 0 0 0 0 0 0 0 0 0 0 0 0 0 0 0 0
-0.000677608 -0.952381 1.038 8.94427 2.82843 6.04981 0.166667 -0.291934 5 6 3 3 6 6 4 2 3 4 0
-0.00194812 -0.894246 1.17357 14.7648 5 10.0941 0.16 1.18329 4 7 8 9 8 4 3 14 9 9 0
2.71043e-05 1 1 2 1 1.30474 1 1.5708 1 0 1 0 0 1 1 1 1 0 0
-0.000769085 -0.930328 1.06405 8.60233 5 6.16078 0.282051 0.608625 6 3 4 4 4 3 3 4 3 5 0
-0.00101641 -0.837989 1.2441 10.8167 4 7.16396 0.155172 -1.08861 3 5 8 5 3 9 11 6 3 5 0
-0.000457385 -0.957447 1.03496 7.2111 2.82843 4.93005 0.181818 0.900183 3 3 5 2 2 2 2 5 4 5 0
-0.0428519 -0.559596 1.12012 104.087 4 62.9126 0.0346154 -1.68546 124 0 0 0 47 144 44 24 32 105 0
-0.030035 -0.623374 1.57869 88.6848 10.2956 44.6182 0.0348624 -1.71533 11 17 44 99 31 23 44 55 188 33 0
1.35522e-05 1 1 1 1 1 1 0 1 0 1 0 0 1 0 1 0 0 0
1.35522e-05 1 1 1 1 1 1 0 1 0 1 0 0 1 0 1 0 0 0
3.72684e-05 1 1 2 1 1.46323 0.857143 0.785398 1 1 1 1 0 0 1 1 1 0 0
9.1477e-05 0.9 1.0278 4.12311 1 2.25614 0.615385 1.33236 1 1 1 1 1 1 1 2 2 2 0
1.35522e-05 1 1 1 1 1 1 0 1 0 1 0 0 1 0 1 0 0 0
1.35522e-05 1 1 1 1 1 1 0 1 0 1 0 0 1 0 1 0 0 0
0 0 0 0 0 0 0 0 0 0 0 0 0 0 0 0 0 0 0
-3.38804e-05 -1 1 3.16228 0 1.70524 0.333333 0.493263 1 1 1 1 2 0 0 0 0 6 0
-0.000199894 -0.951613 1.02501 5 2 3.24315 0.368421 0.844832 2 3 1 1 2 1 2 1 2 4 0
-0.10448 -0.632587 1.34994 154.987 3.16228 90.9168 0.0154762 0.978295 137 244 0 0 0 175 142 62 40 40 0
1.35522e-05 1 1 1 1 1 1 0 1 0 1 0 0 1 0 1 0 0 0
0.000179566 0.883333 1.06694 5.83095 1 3.25779 0.428571 0.260737 5 3 2 1 2 3 2 1 1 1 0
1.35522e-05 1 1 1 1 1 1 0 1 0 1 0 0 1 0 1 0 0 0
1.35522e-05 1 1 1 1 1 1 0 1 0 1 0 0 1 0 1 0 0 0
-0.000894442 -0.913495 1.05117 11.7047 3.16228 7.12268 0.326087 0.692526 6 3 2 5 8 4 3 3 4 8 0
0 0 0 0 0 0 0 0 0 0 0 0 0 0 0 0 0 0 0
-0.00588164 -0.879433 1.08704 34.2053 7.2111 19.2673 0.134328 -0.6461 20 16 9 5 13 32 13 5 5 16 0
-0.0394368 -0.703196 1.19446 78.6003 19 48.8457 0.0344828 -0.845365 29 12 36 50 58 50 23 24 47 77 4
-0.000894442 -0.919861 1.05279 11.7047 3.16228 7.13565 0.347826 0.682739 6 3 3 4 7 5 3 2 5 8 0
-0.00588164 -0.903696 1.07614 33.5261 7.07107 19.3155 0.139706 -0.827667 23 17 11 5 11 24 26 5 4 10 0
-0.0336093 -0.788365 1.15355 65.9469 18.3576 42.5445 0.0393939 -2.13983 42 39 47 17 29 30 31 61 24 10 5
1.35522e-05 1 1 1 1 1 1 0 1 0 1 0 0 1 0 1 0 0 0
-0.00352695 -0.906794 1.07348 24.0832 5.38516 14.0398 0.164948 1.03685 5 7 13 13 8 4 8 9 21 9 0
-0.000894442 -0.913495 1.05248 11.7047 3.16228 7.12241 0.304348 0.634791 7 3 3 4 7 5 2 4 4 7 0
-0.0545745 -0.754862 1.25658 79.7057 23.0217 52.2196 0.0342466 -1.80807 55 62 17 44 41 43 55 55 26 40 1
2.71043e-05 1 1 2 1 1.30474 1 1.5708 1 0 1 0 0 1 1 1 1 0 0
1.35522e-05 1 1 1 1 1 1 0 1 0 1 0 0 1 0 1 0 0 0
1.35522e-05 1 1 1 1 1 1 0 1 0 1 0 0 1 0 1 0 0 0
-0.00350323 -0.919929 1.07289 23.1948 6.08276 13.952 0.135417 0.945046 6 5 13 14 8 5 7 8 20 10 0
-0.000860562 -0.937269 1.04459 11.7047 3.16228 7.06605 0.282609 0.528754 7 3 3 4 8 5 2 3 3 8 0
-0.00104013 -0.974603 1.01932 8.94427 5 7.12429 0.222222 -0.311789 5 5 5 6 4 3 5 6 3 3 0
-0.0264233 -0.853189 1.123 67.4759 11.7047 39.8445 0.0393443 2.0538 43 11 12 45 35 51 14 13 29 52 0
-0.000887666 -0.925795 1.04872 12.083 3.16228 7.1658 0.304348 0.511974 7 3 3 4 7 6 2 2 4 8 0
0 0 0 0 0 0 0 0 0 0 0 0 0 0 0 0 0 0 0
-0.0759598 -0.803354 1.25404 131.674 19.799 74.9211 0.0268657 -2.03321 164 56 17 15 45 189 54 15 19 96 0
1.35522e-05 1 1 1 1 1 1 0 1 0 1 0 0 1 0 1 0 0 0
-0.000372684 -0.873016 1.09392 6.40312 2.82843 4.38748 0.333333 1.23072 3 2 2 3 4 3 2 2 5 4 0
-0.000403177 -0.881481 1.06661 8.48528 3.16228 4.80384 0.290323 0.827633 4 2 3 2 3 2 3 2 2 8 0
1.35522e-05 1 1 1 1 1 1 0 1 0 1 0 0 1 0 1 0 0 0
-0.0553843 -0.773091 1.15933 110.018 14.8661 63.446 0.0417495 1.58694 18 89 106 18 12 17 113 89 29 12 0
0 0 0 0 0 0 0 0 0 0 0 0 0 0 0 0 0 0 0
-0.000985919 -0.915094 1.07336 9.43398 4.47214 6.97324 0.234043 0.549829 6 4 6 5 4 3 4 5 5 5 0
-1.35522e-05 -0.8 1.02059 3.16228 0 1.55786 0.5 0.770096 4 1 0 0 0 0 0 1 2 0 0
0 0 0 0 0 0 0 0 0 0 0 0 0 0 0 0 0 0 0
0 0 0 0 0 0 0 0 0 0 0 0 0 0 0 0 0 0 0
-0.0231403 -0.594637 1.15037 81.7068 3 44.4713 0.0154639 2.1705 0 0 127 26 25 38 28 95 49 0 0
0 0 0 0 0 0 0 0 0 0 0 0 0 0 0 0 0 0 0
0 0 0 0 0 0 0 0 0 0 0 0 0 0 0 0 0 0 0
-0.00405887 -0.852063 1.27098 21.6333 7.07107 14.2774 0.140351 -2.21123 15 11 6 8 13 14 9 10 6 22 0
-0.024072 -0.899367 1.09134 61.6847 14 37.2275 0.0674157 0.0568606 49 21 13 20 31 50 22 9 18 34 0
-0.00417406 -0.859135 1.23515 21.095 7.07107 14.5074 0.116071 -2.86883 21 14 11 10 8 13 12 9 9 5 0
1.35522e-05 1 1 1 1 1 1 0 1 0 1 0 0 1 0 1 0 0 0
-0.0518234 -0.639652 1.14886 127.953 6.08276 66.1831 0.0230769 -2.95421 184 49 21 16 64 94 56 25 7 4 2
1.35522e-05 1 1 1 1 1 1 0 1 0 1 0 0 1 0 1 0 0 0
-0.00170418 -0.777434 1.11876 16.6433 3.60555 10.4484 0.178082 -2.76241 20 8 5 4 6 10 10 5 2 3 0
-0.00408259 -0.810902 1.36363 22.4722 7 14.4217 0.104 -1.93139 14 9 8 8 16 13 16 6 6 29 0
0 0 1.03831 1.41421 1 1.10355 0.75 -0.107775 0 1 2 0 0 1 0 0 0 0 0
0 0 0 0 0 0 0 0 0 0 0 0 0 0 0 0 0 0 0
-0.0621908 -0.653657 1.17416 125.22 14.2127 70.4304 0.0183946 2.41391 36 145 77 13 14 58 146 70 24 15 2
0.003117 0.907298 1.10093 18.3576 7.61577 12.4466 0.182927 0.491258 13 9 7 7 7 10 9 6 5 9 0
1.35522e-05 1 1 1 1 1 1 0 1 0 1 0 0 1 0 1 0 0 0
-0.00186003 -0.843318 1.09775 17.4929 5 10.7655 0.164384 -2.5375 15 7 4 4 9 10 7 3 3 11 0
-0.00422827 -0.874562 1.23339 21.6333 8.94427 14.6935 0.127273 -2.45012 21 15 6 8 9 16 10 11 6 8 0
1.35522e-05 1 1 1 1 1 1 0 1 0 1 0 0 1 0 1 0 0 0
-0.0439835 -0.724523 1.20424 96.8969 17.8885 55.6857 0.0379464 -0.0190343 52 17 18 59 94 35 28 13 12 120 2
-0.00167369 -0.85913 1.09973 16.6433 4.24264 10.0941 0.191176 -2.21643 9 3 5 4 9 10 5 3 4 16 0
2.71043e-05 1 1 2 1 1.30474 1 0 1 1 1 1 0 1 0 1 0 0 0
-0.000775861 -0.88417 1.04397 15.5242 1 7.75308 0.105263 -0.562493 7 8 3 3 5 21 2 0 1 7 0
-0.000670832 -0.868421 1.14862 8.48528 2 5.70424 0.166667 2.35997 5 2 7 3 4 4 4 5 4 4 0
0 0 1.03831 1.41421 1 1.10355 0.75 1.67857 0 0 0 0 1 0 0 2 1 0 0
0 0 1.03831 1.41421 1 1.10355 0.75 1.46302 1 0 0 0 0 0 1 2 0 0 0
-0.00136199 -0.807229 1.12198 13.8924 2 8.66874 0.151515 0.942883 14 9 2 3 6 7 10 5 3 7 0
0 0 0 0 0 0 0 0 0 0 0 0 0 0 0 0 0 0 0
-0.0607611 -0.785958 1.32653 103.586 26.1725 60.319 0.0313653 -1.96785 123 38 37 24 20 94 87 33 23 63 2
-0.00179227 -0.862969 1.08269 17.4929 4.24264 10.6523 0.140845 -2.42852 8 7 3 4 10 10 6 3 3 17 0
0 0 0 0 0 0 0 0 0 0 0 0 0 0 0 0 0 0 0
0 0 0 0 0 0 0 0 0 0 0 0 0 0 0 0 0 0 0
-0.00415035 -0.868179 1.19143 22.2036 7.07107 14.5524 0.149533 -3.02063 14 15 13 7 8 11 15 10 8 6 0
0 0 0 0 0 0 0 0 0 0 0 0 0 0 0 0 0 0 0
-0.0553639 -0.756983 1.2394 120.216 16.9706 64.7053 0.027933 -0.957476 11 21 142 61 23 17 61 121 56 24 2
1.35522e-05 1 1 1 1 1 1 0 1 0 1 0 0 1 0 1 0 0 0
-0.00179566 -0.857605 1.10736 16.2788 5 10.2561 0.157143 2.75378 4 14 8 6 5 6 10 10 4 3 0
0 0 0 0 0 0 0 0 0 0 0 0 0 0 0 0 0 0 0
0 0 0 0 0 0 0 0 0 0 0 0 0 0 0 0 0 0 0
0 0 0 0 0 0 0 0 0 0 0 0 0 0 0 0 0 0 0
-0.00369974 -0.799414 1.32764 22.2036 4.24264 13.9146 0.1 -1.82877 14 7 7 10 16 13 13 7 5 28 0
-0.0683232 -0.649364 1.73481 108.167 28.3019 63.5988 0.0186667 -2.73763 173 139 58 67 27 81 93 46 26 40 1
4.06565e-05 1 1 2 1 1.45711 0.75 0 1 1 1 1 0 1 1 1 1 0 0
1.35522e-05 1 1 1 1 1 1 0 1 0 1 0 0 1 0 1 0 0 0
2.71043e-05 1 1 2 1 1.30474 1 1.5708 1 0 1 0 0 1 1 1 1 0 0
9.1477e-05 0.964286 1.01196 4 1 2.25641 0.615385 0.286295 1 2 3 1 1 1 0 2 1 1 0
1.35522e-05 1 1 1 1 1 1 0 1 0 1 0 0 1 0 1 0 0 0
-0.00177533 -0.876254 1.08369 16.6433 5 10.3929 0.176471 -2.74736 15 9 5 3 6 10 9 4 2 5 0
0 0 0 0 0 0 0 0 0 0 0 0 0 0 0 0 0 0 0
-0.00403515 -0.890135 1.14999 22.2036 7 14.4037 0.145631 -1.11621 6 7 11 15 10 10 6 6 20 12 0
5.08206e-05 0.9375 1.01635 2.23607 1 1.63498 0.777778 0.785398 1 1 1 1 0 1 1 1 1 1 0
1.35522e-05 1 1 1 1 1 1 0 1 0 1 0 0 1 0 1 0 0 0
0 0 0 0 0 0 0 0 0 0 0 0 0 0 0 0 0 0 0
-0.0685129 -0.699965 1.61483 107.042 25 62.1862 0.0185185 -1.76646 34 27 61 115 26 18 61 137 153 70 1
-0.00183632 -0.86859 1.07584 17.0294 5 10.6422 0.152778 -2.15028 8 4 4 6 11 11 3 3 5 17 0
0 0 0 0 0 0 0 0 0 0 0 0 0 0 0 0 0 0 0
0 0 1.03831 2 0 0.902369 0.5 1.27166 0 1 0 0 0 0 0 5 0 0 0
0 0 0 0 0 0 0 0 0 0 0 0 0 0 0 0 0 0 0
0 0 1.03831 1.41421 1 1.10355 0.75 1.67857 0 0 0 0 1 0 0 2 1 0 0
0 0 0 0 0 0 0 0 0 0 0 0 0 0 0 0 0 0 0
-0.00413341 -0.837912 1.27807 22.2036 7.28011 14.3388 0.110169 -1.88983 13 9 8 9 17 10 15 6 9 22 0
1.35522e-05 1 1 1 1 1 1 0 1 0 1 0 0 1 0 1 0 0 0
0 0 0 0 0 0 0 0 0 0 0 0 0 0 0 0 0 0 0
-0.0017855 -0.871074 1.08775 16.2788 5.09902 10.2757 0.144928 -1.71966 5 5 4 10 10 5 4 4 15 7 0
-0.0792564 -0.746307 1.22922 113.371 23 67.2194 0.0324324 -2.62444 30 75 122 19 18 54 67 77 59 34 1
-0.000115193 -0.894737 1.03568 4.47214 1.41421 2.57502 0.5 0.396571 3 3 2 1 1 1 2 0 2 1 0
-0.000315088 -0.861111 1.0528 7.2111 2 4.35004 0.344828 0.403455 3 2 3 6 2 1 2 1 5 4 0
0 0 0 0 0 0 0 0 0 0 0 0 0 0 0 0 0 0 0
-0.0394435 -0.667852 1.26592 97.0618 9.05539 53.8827 0.0275424 1.39929 34 51 7 9 104 68 25 17 30 127 2
-0.00053531 -0.940476 1.05633 8.60233 3.16228 5.38091 0.34375 1.27662 3 1 3 3 4 3 2 3 5 5 0
-0.000287983 -0.904255 1.03459 8.06226 1 4.28697 0.296296 -0.153239 3 2 2 4 6 2 1 1 3 3 0
-0.0578338 -0.742174 1.20606 91.2853 8.06226 57.0437 0.0336134 3.12658 9 16 103 68 28 28 46 52 101 25 5
2.71043e-05 1 1 2 1 1.30474 1 0 1 1 1 1 0 1 0 1 0 0 0
-0.0380816 -0.761311 1.21806 67.1193 12.0416 45.0547 0.0480226 0.156099 36 25 28 39 41 48 30 9 58 40 5
1.35522e-05 1 1 1 1 1 1 0 1 0 1 0 0 1 0 1 0 0 0
-8.4701e-05 -0.78125 1.08831 4.24264 1 2.51994 0.411765 0.464665 1 1 0 5 2 0 1 0 4 3 0
-3.38804e-06 -1 1 1.41421 0 0.804738 1 0.392699 1 1 0 0 0 0 0 0 0 1 0
-0.000325252 -0.888889 1.04465 7.2111 2 4.3288 0.392857 0.17344 4 1 2 6 3 2 1 2 3 4 0
-0.0490622 -0.770307 1.25697 97.7446 19.4165 54.3369 0.0305011 -0.954955 13 34 50 58 86 13 20 85 77 23 5
0 0 0 0 0 0 0 0 0 0 0 0 0 0 0 0 0 0 0
-0.000250715 -0.891566 1.03602 6.08276 1 3.80032 0.458333 0.56918 3 1 4 3 2 1 1 2 4 3 0
-0.0658669 -0.7095 1.32633 118.512 16.0312 66.8859 0.0255183 -1.22563 114 17 12 36 102 128 57 20 40 101 4
1.35522e-05 1 1 1 1 1 1 0 1 0 1 0 0 1 0 1 0 0 0
3.72684e-05 1 1 2 1 1.46323 0.857143 0.785398 1 1 1 1 0 0 1 1 1 0 0
1.35522e-05 1 1 1 1 1 1 0 1 0 1 0 0 1 0 1 0 0 0
1.35522e-05 1 1 1 1 1 1 0 1 0 1 0 0 1 0 1 0 0 0
2.71043e-05 1 1 2 1 1.30474 1 0 1 1 1 1 0 1 0 1 0 0 0
-0.048554 -0.721129 1.23477 94.921 19.6977 57.2165 0.0198807 -0.797669 67 100 38 18 30 79 74 65 18 14 4
1.35522e-05 1 1 1 1 1 1 0 1 0 1 0 0 1 0 1 0 0 0
-1.01641e-05 -1 1 1.41421 0 0.882843 0.8 1.1781 1 0 0 0 0 1 0 0 2 1 0
-0.000274431 -0.89011 1.04542 7.07107 1 4.14538 0.407407 0.676211 2 2 4 5 0 1 1 3 5 4 0
-0.00321186 -0.890141 1.02932 28.0713 5 15.6799 0.0583333 -1.8083 4 6 22 21 7 4 3 27 22 4 0
0 0 0 0 0 0 0 0 0 0 0 0 0 0 0 0 0 0 0
-3.38804e-06 -1 1 1.41421 1 1.13807 1 0.785398 1 1 0 0 0 0 0 0 1 0 0
-0.000338804 -0.909091 1.03733 7.2111 2 4.39011 0.357143 0.122014 3 2 2 5 4 2 1 1 4 4 0
-0.0527348 -0.67416 1.21273 106.174 13 61.3168 0.0305927 0.374149 114 44 20 33 76 100 10 10 49 67 4
1.35522e-05 1 1 1 1 1 1 0 1 0 1 0 0 1 0 1 0 0 0
1.35522e-05 1 1 1 1 1 1 0 1 0 1 0 0 1 0 1 0 0 0
-0.0348731 -0.79865 1.27764 70.5195 23.0217 45.2789 0.0366748 1.77706 23 47 61 27 15 28 86 75 31 16 3
-0.00032864 -0.906542 1.0392 7.2111 2 4.28919 0.444444 -0.176908 3 3 2 3 6 2 1 2 1 4 0
-0.000254103 -0.903614 1.03377 6.40312 1 3.90701 0.36 0.281417 3 1 3 5 3 1 0 2 4 3 0
-0.0842233 -0.693243 1.30158 120.333 17.2047 71.1738 0.0259542 -2.76478 28 155 98 26 22 75 75 82 70 24 1
0 0 0 0 0 0 0 0 0 0 0 0 0 0 0 0 0 0 0
-0.000338804 -0.909091 1.03733 7.2111 2 4.39011 0.357143 0.122014 3 2 2 5 4 2 1 1 4 4 0
-0.096349 -0.591104 1.21888 181.893 6.32456 95.3049 0.0136816 2.17551 4 5 203 144 33 18 22 194 175 6 2
1.35522e-05 1 1 1 1 1 1 0 1 0 1 0 0 1 0 1 0 0 0
1.35522e-05 1 1 1 1 1 1 0 1 0 1 0 0 1 0 1 0 0 0
1.35522e-05 1 1 1 1 1 1 0 1 0 1 0 0 1 0 1 0 0 0
-0.000338804 -0.909091 1.03635 7.2111 1.41421 4.46304 0.357143 0.499233 2 2 4 5 2 1 1 3 4 4 0
-0.0595888 -0.78235 1.15736 125.801 18.3576 69.0997 0.023166 0.245117 93 102 28 12 17 123 76 19 16 32 3
-0.000772473 -0.974359 1.0194 8.48528 3.60555 6.23094 0.289474 1.09679 4 4 4 3 2 2 5 5 4 5 0
0 0 0 0 0 0 0 0 0 0 0 0 0 0 0 0 0 0 0
-0.000599683 -0.827103 1.03084 21.0238 1 10.7703 0.0823529 -0.979714 2 32 6 1 1 2 37 3 0 1 0
-0.0729072 -0.658033 1.30923 145.207 9.05539 79.24 0.0145985 2.04025 84 110 10 7 26 242 67 23 23 93 4
1.35522e-05 1 1 1 1 1 1 0 1 0 1 0 0 1 0 1 0 0 0
1.35522e-05 1 1 1 1 1 1 0 1 0 1 0 0 1 0 1 0 0 0
1.35522e-05 1 1 1 1 1 1 0 1 0 1 0 0 1 0 1 0 0 0
1.35522e-05 1 1 1 1 1 1 0 1 0 1 0 0 1 0 1 0 0 0
1.35522e-05 1 1 1 1 1 1 0 1 0 1 0 0 1 0 1 0 0 0
1.35522e-05 1 1 1 1 1 1 0 1 0 1 0 0 1 0 1 0 0 0
0 0 0 0 0 0 0 0 0 0 0 0 0 0 0 0 0 0 0
-0.000325252 -0.90566 1.04315 7.2111 2 4.35059 0.428571 0.124119 3 2 2 5 4 2 1 1 4 4 0
-0.0943196 -0.668484 1.19883 145.825 11.3137 82.9118 0.0251108 2.35498 6 17 146 114 51 22 26 100 168 27 5
1.35522e-05 1 1 1 1 1 1 0 1 0 1 0 0 1 0 1 0 0 0
0.000108417 0.941176 1.02003 4.47214 1 2.55528 0.571429 0.723221 3 1 1 1 1 2 1 1 1 2 0
1.35522e-05 1 1 1 1 1 1 0 1 0 1 0 0 1 0 1 0 0 0
1.35522e-05 1 1 1 1 1 1 0 1 0 1 0 0 1 0 1 0 0 0
0 -nan(ind) -nan(ind) 3.037e+09 3.037e+09 3.037e+09 1 -2.35619 1 0 0 0 0 0 0 0 0 0 4
0 -nan(ind) -nan(ind) 3.037e+09 3.037e+09 3.037e+09 1 -2.35619 1 0 0 0 0 0 0 0 0 0 4
0 -nan(ind) -nan(ind) 3.037e+09 3.037e+09 3.037e+09 1 -2.35619 1 0 0 0 0 0 0 0 0 0 4
-0.0596837 -0.735932 1.24554 126.921 16.1245 69.1387 0.0279605 -0.419066 19 10 50 208 27 15 19 49 163 48 0
-0.0260066 -0.679954 1.17663 99.2472 7.81025 47.9364 0.0325 -0.0182809 8 11 168 30 8 14 45 39 58 19 0
1.35522e-05 1 1 1 1 1 1 0 1 0 1 0 0 1 0 1 0 0 0
-0.0448136 -0.723934 1.28485 80.0562 12.083 50.6567 0.0408163 0.635752 84 22 26 35 46 54 60 10 8 96 0
7.79249e-05 0.958333 1.01298 3.16228 1 2.04794 0.636364 0.647773 2 1 1 1 1 1 1 1 1 1 0
1.35522e-05 1 1 1 1 1 1 0 1 0 1 0 0 1 0 1 0 0 0
1.35522e-05 1 1 1 1 1 1 0 1 0 1 0 0 1 0 1 0 0 0
-0.0514135 -0.673786 1.17735 130.729 5.65685 69.3969 0.0376068 -0.775097 142 93 20 10 13 176 104 4 9 14 0
-0.000857174 -0.94403 1.03268 11.7047 3.60555 6.94295 0.170213 -0.302203 6 7 3 2 9 7 3 3 2 5 0
0 -nan(ind) -nan(ind) 3.037e+09 3.037e+09 3.037e+09 1 -2.35619 1 0 0 0 0 0 0 0 0 0 4
0 -nan(ind) -nan(ind) 3.037e+09 3.037e+09 3.037e+09 1 -2.35619 1 0 0 0 0 0 0 0 0 0 4
-0.00686078 -0.819838 1.19203 40.4599 6.32456 21.5531 0.109091 -0.547962 19 6 7 18 47 7 6 8 22 25 0
1.35522e-05 1 1 1 1 1 1 0 1 0 1 0 0 1 0 1 0 0 0
-0.0607374 -0.845893 1.1641 117.047 20.2237 65.0087 0.0347648 -0.703325 65 19 16 25 111 83 17 15 37 101 0
2.71043e-05 1 1 2 1 1.30474 1 1.5708 1 0 1 0 0 1 1 1 1 0 0
0 -nan(ind) 1 3.037e+09 3.037e+09 3.037e+09 1 -2.35619 2 0 0 0 0 0 0 0 0 0 4
-0.0242245 -0.805543 1.15059 99.6092 10 54.6181 0.0309735 0.575521 21 190 11 7 7 18 147 35 8 8 0
1.35522e-05 1 1 1 1 1 1 0 1 0 1 0 0 1 0 1 0 0 0
5.75967e-05 1 1 2.23607 1 1.74609 0.777778 0.785398 1 1 1 1 0 1 1 1 1 1 0
0 -nan(ind) -nan(ind) 3.037e+09 3.037e+09 3.037e+09 1 -2.35619 1 0 0 0 0 0 0 0 0 0 4
-0.00744691 -0.841179 1.16913 39.0512 7.07107 21.5283 0.107143 -3.13773 5 8 25 27 24 5 7 10 35 22 0
-0.0636985 -0.844571 1.11655 110.291 18.4391 65.4581 0.035503 -1.65115 16 50 80 85 20 13 28 121 77 17 0
1.35522e-05 1 1 1 1 1 1 0 1 0 1 0 0 1 0 1 0 0 0
2.71043e-05 1 1 2 1 1.30474 1 0 1 1 1 1 0 1 0 1 0 0 0
-0.0644202 -0.728813 1.53164 96.8297 23.1948 58.21 0.0230263 -1.61082 37 102 56 29 49 41 98 91 77 28 1
1.35522e-05 1 1 1 1 1 1 0 1 0 1 0 0 1 0 1 0 0 0
7.11488e-05 0.954545 1.01382 3 1 1.92608 0.727273 1.06818 1 1 1 1 1 1 0 2 1 2 0
-0.000799577 -0.918288 1.06718 11.4018 3 6.74181 0.295455 1.25491 2 2 5 7 5 2 2 5 9 5 0
-0.0578338 -0.637202 1.3462 97.1288 22 58.2838 0.0181159 -1.13709 56 91 41 27 66 45 94 81 33 18 4
1.35522e-05 1 1 1 1 1 1 0 1 0 1 0 0 1 0 1 0 0 0
-0.045725 -0.701601 1.21331 93.0484 9.05539 55.3067 0.027897 -3.13274 10 103 88 27 14 23 67 63 59 12 1
-0.0554486 -0.739807 1.21656 99.363 18.3848 58.0938 0.0395833 2.73935 18 13 46 95 71 18 16 66 53 84 1
1.35522e-05 1 1 1 1 1 1 0 1 0 1 0 0 1 0 1 0 0 0
-0.0571427 -0.631662 1.39213 113.842 18.0278 63.872 0.0212418 -1.54277 11 28 122 79 19 18 84 109 98 44 1
0 -nan(ind) -nan(ind) 3.037e+09 3.037e+09 3.037e+09 1 -2.35619 1 0 0 0 0 0 0 0 0 0 0
-0.0566412 -0.695916 1.34522 114.56 13.3417 64.7979 0.0229508 -1.82762 17 31 117 93 13 13 75 100 129 22 1
1.35522e-05 1 1 1 1 1 1 0 1 0 1 0 0 1 0 1 0 0 0
1.35522e-05 1 1 1 1 1 1 0 1 0 1 0 0 1 0 1 0 0 0
0 -nan(ind) -nan(ind) 3.037e+09 3.037e+09 3.037e+09 1 -2.35619 1 0 0 0 0 0 0 0 0 0 4
-0.0460739 -0.771312 1.27395 82.134 20.6155 50.2361 0.0421546 -0.315325 23 45 75 42 28 28 60 45 57 24 1
-0.0395757 -0.740851 1.31603 73.4098 20.5183 46.1748 0.0342298 1.25914 54 46 45 18 21 59 70 23 36 37 1
1.35522e-05 1 1 1 1 1 1 0 1 0 1 0 0 1 0 1 0 0 0
0 -nan(ind) -nan(ind) 3.037e+09 3.037e+09 3.037e+09 1 -2.35619 1 0 0 0 0 0 0 0 0 0 4
0 -nan(ind) -nan(ind) 3.037e+09 3.037e+09 3.037e+09 1 -2.35619 1 0 0 0 0 0 0 0 0 0 4
-0.0651859 -0.666828 1.60966 115.248 32.6497 60.8209 0.0227273 -1.18289 73 94 24 53 43 159 84 110 27 37 1
0 -nan(ind) -nan(ind) 3.037e+09 3.037e+09 3.037e+09 1 -2.35619 1 0 0 0 0 0 0 0 0 0 4
-0.00013891 -0.911111 1.08538 3.60555 1.41421 2.65106 0.315789 -0.812408 2 2 2 2 1 3 2 2 2 1 0
0 -nan(ind) -nan(ind) 3.037e+09 3.037e+09 3.037e+09 1 -2.35619 1 0 0 0 0 0 0 0 0 0 4
0 -nan(ind) -nan(ind) 3.037e+09 3.037e+09 3.037e+09 1 -2.35619 1 0 0 0 0 0 0 0 0 0 4
-0.0472631 -0.669001 1.21866 102.396 8 57.3069 0.026749 -1.35979 5 6 43 36 115 37 26 26 60 132 2
1.35522e-05 1 1 1 1 1 1 0 1 0 1 0 0 1 0 1 0 0 0
-0.0581083 -0.676435 1.34723 107.87 5 62.1823 0.0276339 0.971617 75 121 43 40 6 65 134 39 30 26 2
1.35522e-05 1 1 1 1 1 1 0 1 0 1 0 0 1 0 1 0 0 0
1.35522e-05 1 1 1 1 1 1 0 1 0 1 0 0 1 0 1 0 0 0
0 -nan(ind) -nan(ind) 3.037e+09 3.037e+09 3.037e+09 1 -2.35619 1 0 0 0 0 0 0 0 0 0 4
-0.0468227 -0.620984 1.20407 125.355 12.8062 64.107 0.0240741 -0.475586 127 33 16 31 101 128 9 20 41 34 2
2.71043e-05 1 1 2 1 1.30474 1 0 1 1 1 1 0 1 0 1 0 0 0
1.35522e-05 1 1 1 1 1 1 0 1 0 1 0 0 1 0 1 0 0 0
-0.0505157 -0.694296 1.26942 90.0944 19.105 56.4002 0.0326531 1.93667 23 74 81 18 14 36 152 29 32 31 2
0.00135183 0.954545 1.06239 10 6.32456 8.01638 0.306122 0.120872 5 5 7 6 4 4 4 5 4 5 0
4.74325e-05 1 1 2 1 1.58211 0.625 0 1 1 1 1 0 1 1 1 1 0 0
0 -nan(ind) -nan(ind) 3.037e+09 3.037e+09 3.037e+09 1 -2.35619 1 0 0 0 0 0 0 0 0 0 4
-0.104806 -0.590028 1.39588 179.602 2 93.5288 0.016129 -1.16798 2 3 235 124 35 39 73 281 109 29 2
1.35522e-05 1 1 1 1 1 1 0 1 0 1 0 0 1 0 1 0 0 0
0.000260879 0.793814 1.12557 7.2111 1 3.86206 0.333333 0.596483 5 1 2 2 3 3 3 2 0 6 0
1.35522e-05 1 1 1 1 1 1 0 1 0 1 0 0 1 0 1 0 0 0
0.00547507 0.955083 1.09031 22.4722 13 16.2394 0.111111 0.36001 12 8 14 13 8 10 10 12 11 10 0
-6.77608e-06 -0.666667 1.02679 2.23607 0 1.24645 0.5 0.42185 3 1 0 1 0 0 0 0 0 1 0
-0.0745165 -0.724058 1.22615 148.708 14.0357 85.8087 0.0178082 -0.885172 39 233 52 16 16 69 237 41 14 13 3
1.35522e-05 1 1 1 1 1 1 0 1 0 1 0 0 1 0 1 0 0 0
1.35522e-05 1 1 1 1 1 1 0 1 0 1 0 0 1 0 1 0 0 0
1.35522e-05 1 1 1 1 1 1 0 1 0 1 0 0 1 0 1 0 0 0
1.35522e-05 1 1 1 1 1 1 0 1 0 1 0 0 1 0 1 0 0 0
1.35522e-05 1 1 1 1 1 1 0 1 0 1 0 0 1 0 1 0 0 0
1.35522e-05 1 1 1 1 1 1 0 1 0 1 0 0 1 0 1 0 0 0
1.35522e-05 1 1 1 1 1 1 0 1 0 1 0 0 1 0 1 0 0 0
-0.0715622 -0.675299 1.23951 145.911 8 85.9713 0.0188172 -2.00953 16 25 131 168 9 5 8 170 185 27 3
1.35522e-05 1 1 1 1 1 1 0 1 0 1 0 0 1 0 1 0 0 0
-0.0430959 -0.774382 1.16332 87.3212 21.3776 53.1628 0.0258216 0.225116 39 70 77 18 19 29 76 67 18 13 3
-0.0392504 -0.807373 1.26127 69.0797 17.4642 46.1888 0.0455696 -1.04692 33 24 12 71 40 57 18 29 61 50 3
-0.0463179 -0.697109 1.27659 80.2309 16.0312 51.1461 0.0344086 1.63328 28 56 65 36 15 31 88 73 51 22 3
1.35522e-05 1 1 1 1 1 1 0 1 0 1 0 0 1 0 1 0 0 0
-0.128278 -0.630267 1.30688 193.132 3.60555 108.247 0.0178571 -0.291542 122 40 33 63 228 193 2 3 4 264 3
1.35522e-05 1 1 1 1 1 1 0 1 0 1 0 0 1 0 1 0 0 0
-0.0403346 -0.727778 1.14421 80.1311 20 50.1059 0.026764 -0.0428445 14 93 28 55 28 18 44 74 42 15 4
0 -nan(ind) -nan(ind) 3.037e+09 3.037e+09 3.037e+09 1 -2.35619 1 0 0 0 0 0 0 0 0 0 4
-0.0489877 -0.728413 1.25842 93.9415 10.7703 54.1547 0.0298507 -1.31635 65 26 23 41 43 110 21 19 18 103 4
1.35522e-05 1 1 1 1 1 1 0 1 0 1 0 0 1 0 1 0 0 0
0 -nan(ind) -nan(ind) 3.037e+09 3.037e+09 3.037e+09 1 -2.35619 1 0 0 0 0 0 0 0 0 0 4
0 -nan(ind) -nan(ind) 3.037e+09 3.037e+09 3.037e+09 1 -2.35619 1 0 0 0 0 0 0 0 0 0 4
-0.0507596 -0.777438 1.25027 101.178 18.7883 57.4539 0.035865 -0.573149 41 22 23 59 78 71 14 13 67 86 4
1.35522e-05 1 1 1 1 1 1 0 1 0 1 0 0 1 0 1 0 0 0
1.35522e-05 1 1 1 1 1 1 0 1 0 1 0 0 1 0 1 0 0 0
0 -nan(ind) -nan(ind) 3.037e+09 3.037e+09 3.037e+09 1 -2.35619 1 0 0 0 0 0 0 0 0 0 0
0 -nan(ind) -nan(ind) 3.037e+09 3.037e+09 3.037e+09 1 -2.35619 1 0 0 0 0 0 0 0 0 0 0
-6.77608e-06 -1 1 1.41421 0 0.853553 1 1.74071 0 0 0 0 1 0 0 2 1 0 0
-0.0405785 -0.732762 1.14517 93.3809 14.1421 52.6007 0.0218978 -1.22485 10 17 76 42 59 20 17 41 94 35 4
-0.0442037 -0.802547 1.14936 81.6088 23.0868 51.6805 0.0431655 1.10177 20 23 62 71 22 17 34 72 43 53 4
1.35522e-05 1 1 1 1 1 1 0 1 0 1 0 0 1 0 1 0 0 0
2.71043e-05 1 1 2 1 1.30474 1 0 1 1 1 1 0 1 0 1 0 0 0
-0.0439022 -0.745913 1.23219 85.8836 23.0868 52.2989 0.029148 1.19479 21 19 31 78 49 21 24 73 25 105 4
0 -nan(ind) 1 3.037e+09 3.037e+09 3.037e+09 1 -2.35619 0 0 0 0 0 0 0 0 0 2 4
-0.0614556 -0.685707 1.51889 82.0061 21.2132 55.8478 0.0274443 1.81899 28 57 72 26 89 24 75 99 67 46 1
-0.0737949 -0.67002 1.51092 99.0202 35.2278 62.09 0.0226244 1.65466 73 30 61 73 35 55 107 116 85 28 1
0 -nan(ind) 1 3.037e+09 3.037e+09 3.037e+09 1 -2.35619 2 0 0 0 0 0 0 0 0 0 0
0 -nan(ind) -nan(ind) 3.037e+09 3.037e+09 3.037e+09 1 -2.35619 1 0 0 0 0 0 0 0 0 0 0
-0.0519251 -0.698988 1.25335 90.824 19.6469 56.9368 0.0261044 0.178444 43 80 112 23 20 35 68 80 24 13 3
-0.0711725 -0.767267 1.41453 106.174 22 62.5534 0.0234742 -1.45631 89 41 27 24 86 99 88 29 60 96 3
5.75967e-05 1 1 3 1 1.8374 0.777778 1.19029 1 1 0 1 0 1 1 1 2 1 0
-0.0569123 -0.632241 1.11016 109.932 3 63.9346 0.0280899 -1.33465 0 0 0 107 76 72 29 28 84 138 5
-0.0805879 -0.715196 1.28287 100.305 12.53 65.7478 0.0307167 -3.11531 10 56 126 77 30 45 52 53 123 14 5
0 -nan(ind) -nan(ind) 3.037e+09 3.037e+09 3.037e+09 1 -2.35619 1 0 0 0 0 0 0 0 0 0 4
0 -nan(ind) 1 3.037e+09 3.037e+09 3.037e+09 1 -2.35619 2 0 0 0 0 0 0 0 0 0 4
-3.38804e-06 -0.5 1.03402 1.41421 0 0.682843 0.6 0.785398 1 1 0 0 0 0 1 0 2 0 0
0 -nan(ind) 1 3.037e+09 3.037e+09 3.037e+09 1 -2.35619 2 0 0 0 0 0 0 0 0 0 4
-0.0881466 -0.675854 1.25365 121.433 11 74.4358 0.0294574 -0.482783 142 87 34 34 67 77 153 9 7 35 5
1.35522e-05 1 1 1 1 1 1 0 1 0 1 0 0 1 0 1 0 0 0
1.35522e-05 1 1 1 1 1 1 0 1 0 1 0 0 1 0 1 0 0 0
-0.0823768 -0.649621 1.20796 118.68 19 71.2135 0.0279605 0.544354 73 31 26 88 129 22 13 80 61 85 5
0 -nan(ind) -nan(ind) 3.037e+09 3.037e+09 3.037e+09 1 -2.35619 1 0 0 0 0 0 0 0 0 0 4
-0.00050143 -0.948718 1.02558 7.07107 2.23607 5.02014 0.28125 0.204805 4 4 3 4 4 3 1 3 3 3 0
-0.0736797 -0.764905 1.58872 101.242 22.8035 64.0335 0.0344828 3.04133 40 32 68 201 41 42 44 40 46 113 5
1.35522e-05 1 1 1 1 1 1 0 1 0 1 0 0 1 0 1 0 0 0
-0.000186342 -0.964912 1.01628 5 1 3.22511 0.333333 1.38429 2 2 1 0 4 2 2 2 2 4 0
-0.111358 -0.724252 1.24318 113.217 29.4109 76.5956 0.0275229 1.11593 67 69 69 43 48 84 105 20 50 99 5
-0.0287136 -0.905159 1.1628 53.8145 25.4951 37.7419 0.0412371 -2.5353 41 23 35 33 21 28 27 38 24 21 0
0 -nan(ind) -nan(ind) 3.037e+09 3.037e+09 3.037e+09 1 -2.35619 1 0 0 0 0 0 0 0 0 0 4
-4.74325e-05 -0.636364 1.01933 8.06226 0 4.13414 0.125 1.55959 4 0 0 0 0 14 1 2 1 10 0
0 -nan(ind) 1 3.037e+09 3.037e+09 3.037e+09 1 -2.35619 2 0 0 0 0 0 0 0 0 0 4
-0.0718671 -0.588895 1.55882 133.135 8.06226 74.9169 0.022113 -0.881949 6 58 43 163 153 38 37 77 219 20 2
0.00279513 0.894794 1.11422 17.088 5.38516 11.8887 0.151899 0.487955 7 5 8 12 9 4 5 10 10 9 0
1.35522e-05 1 1 1 1 1 1 0 1 0 1 0 0 1 0 1 0 0 0
0.000287983 0.73913 1.18115 8.06226 1.41421 4.27153 0.272727 0.160791 5 4 7 1 1 3 6 4 1 1 0
2.71043e-05 1 1 2 1 1.30474 1 1.5708 1 0 1 0 0 1 1 1 1 0 0
1.35522e-05 1 1 1 1 1 1 0 1 0 1 0 0 1 0 1 0 0 0
0 0 1.15136 2.23607 0 1.07978 0.5 1.01326 1 0 0 0 0 0 0 1 2 2 0
0 -nan(ind) 1 3.037e+09 3.037e+09 3.037e+09 1 -2.35619 2 0 0 0 0 0 0 0 0 0 4
-0.0853752 -0.681459 1.4338 144.917 12.0416 79.992 0.0202788 2.40965 63 37 16 108 198 47 27 20 140 133 2
0 -nan(ind) -nan(ind) 3.037e+09 3.037e+09 3.037e+09 1 -2.35619 1 0 0 0 0 0 0 0 0 0 4
0 -nan(ind) -nan(ind) 3.037e+09 3.037e+09 3.037e+09 1 -2.35619 1 0 0 0 0 0 0 0 0 0 4
-0.0678353 -0.71423 1.24334 131.522 16.7631 71.5938 0.0281457 -0.798122 29 53 91 124 22 20 34 150 71 10 2
1.35522e-05 1 1 1 1 1 1 0 1 0 1 0 0 1 0 1 0 0 0
4.06565e-05 1 1 2 1 1.45711 0.75 0 1 1 1 1 0 1 1 1 1 0 0
6.43727e-05 0.904762 1.01965 3.16228 0 1.91937 0.636364 0.288502 2 1 2 1 1 1 0 0 0 3 0
1.35522e-05 1 1 1 1 1 1 0 1 0 1 0 0 1 0 1 0 0 0
1.35522e-05 1 1 1 1 1 1 0 1 0 1 0 0 1 0 1 0 0 0
0.00183632 0.950877 1.04591 12.3693 7.2111 9.3634 0.25 0.852457 7 5 5 6 4 6 5 5 6 7 0
1.35522e-05 1 1 1 1 1 1 0 1 0 1 0 0 1 0 1 0 0 0
-0.0945466 -0.676198 1.4049 166.331 2.23607 87.6555 0.0283019 0.361591 40 37 104 263 27 0 0 147 183 47 2
1.35522e-05 1 1 1 1 1 1 0 1 0 1 0 0 1 0 1 0 0 0
2.71043e-05 1 1 2 1 1.30474 1 0 1 1 1 1 0 1 0 1 0 0 0
4.06565e-05 1 1 2 1 1.45711 0.75 0 1 1 1 1 0 1 1 1 1 0 0
0.000105029 0.939394 1.02292 4 1 2.3652 0.615385 0.364446 2 2 2 1 1 1 1 1 1 1 0
1.35522e-05 1 1 1 1 1 1 0 1 0 1 0 0 1 0 1 0 0 0
2.71043e-05 1 1 2 1 1.30474 1 1.5708 1 0 1 0 0 1 1 1 1 0 0
0 -nan(ind) 1 3.037e+09 3.037e+09 3.037e+09 0.5 -2.35619 4 0 0 0 0 0 0 0 0 0 0
0 -nan(ind) -nan(ind) 3.037e+09 3.037e+09 3.037e+09 1 -2.35619 0 0 0 0 0 0 0 0 0 1 0
0 -nan(ind) -nan(ind) 3.037e+09 3.037e+09 3.037e+09 1 -2.35619 1 0 0 0 0 0 0 0 0 0 4
-0.0715181 -0.562142 1.23532 149.817 13.3417 82.4138 0.028777 -0.910109 0 0 91 178 70 34 51 105 166 0 2
1.35522e-05 1 1 1 1 1 1 0 1 0 1 0 0 1 0 1 0 0 0
2.71043e-05 1 1 2 1 1.30474 1 0 1 1 1 1 0 1 0 1 0 0 0
0.00128745 0.95 1.04439 11.6619 5.38516 8.01221 0.28 1.86251 6 5 5 3 5 7 6 5 4 4 0
-0.0796901 -0.678699 1.31521 129.757 1 74.0897 0.0248902 1.09295 106 149 51 0 0 167 107 35 34 34 2
1.35522e-05 1 1 1 1 1 1 0 1 0 1 0 0 1 0 1 0 0 0
-0.0668121 -0.654584 1.29732 102.181 24.8395 61.563 0.0231317 0.560735 68 60 70 44 25 61 117 24 27 66 1
1.35522e-05 1 1 1 1 1 1 0 1 0 1 0 0 1 0 1 0 0 0
-0.0507427 -0.801038 1.28367 87.7268 21.4009 55.1852 0.0272537 -1.57668 55 41 19 28 58 97 40 18 21 100 4
1.35522e-05 1 1 1 1 1 1 0 1 0 1 0 0 1 0 1 0 0 0
0 -nan(ind) -nan(ind) 3.037e+09 3.037e+09 3.037e+09 1 -2.35619 1 0 0 0 0 0 0 0 0 0 4
0 -nan(ind) -nan(ind) 3.037e+09 3.037e+09 3.037e+09 1 -2.35619 1 0 0 0 0 0 0 0 0 0 4
0 -nan(ind) -nan(ind) 3.037e+09 3.037e+09 3.037e+09 1 -2.35619 1 0 0 0 0 0 0 0 0 0 4
-4.06565e-05 -0.705882 1.03441 4.12311 0 2.04185 0.428571 0.378576 1 7 0 0 0 1 3 0 0 2 0
-0.0652977 -0.628912 1.23997 105.109 5 65.1143 0.0336283 -1.58215 112 7 4 42 113 68 54 21 39 105 5
-0.0709862 -0.672616 1.29708 121.84 1 69.2559 0.0205696 1.07336 87 134 66 1 3 131 103 49 32 26 2
1.35522e-05 1 1 1 1 1 1 0 1 0 1 0 0 1 0 1 0 0 0
-0.0550658 -0.646783 1.22578 112.071 4.12311 65.2747 0.0305206 -1.69058 121 3 4 60 39 141 34 17 27 111 2
-0.0545373 -0.751354 1.31115 90.471 16.1555 56.3188 0.0248566 -1.82441 81 67 23 27 36 74 108 15 16 76 3
7.45369e-05 0.916667 1.0177 4.12311 1 2.21846 0.583333 0.595245 2 4 0 0 1 1 1 1 0 2 0
1.35522e-05 1 1 1 1 1 1 0 1 0 1 0 0 1 0 1 0 0 0
0 -nan(ind) -nan(ind) 3.037e+09 3.037e+09 3.037e+09 1 -2.35619 1 0 0 0 0 0 0 0 0 0 4
0 -nan(ind) -nan(ind) 3.037e+09 3.037e+09 3.037e+09 1 -2.35619 1 0 0 0 0 0 0 0 0 0 4
-0.0893832 -0.569289 1.51667 109.385 20.5913 71.2887 0.0165394 -0.335372 114 16 118 108 119 61 37 90 95 28 1
-0.0635325 -0.708612 1.30412 99.925 13.1529 61.5202 0.0227273 -1.96118 111 85 29 27 32 97 109 19 28 35 3
3.72684e-05 1 1 2 1 1.46323 0.857143 0.785398 1 1 1 1 0 0 1 1 1 0 0
2.71043e-05 1 1 2 1 1.30474 1 1.5708 1 0 1 0 0 1 1 1 1 0 0
-0.0305398 -0.866731 1.1096 82.662 14.8661 47.212 0.0432099 -2.12974 41 14 8 20 63 46 11 9 30 82 0
1.35522e-05 1 1 1 1 1 1 0 1 0 1 0 0 1 0 1 0 0 0
-0.015297 -0.836421 1.14615 45.8039 18 29.5992 0.097561 2.05631 30 19 12 11 14 54 17 15 13 20 0
4.06565e-05 1 1 2 1 1.45711 0.75 0 1 1 1 1 0 1 1 1 1 0 0
-3.38804e-06 -1 1 1.41421 0 0.804738 1 0.392699 1 1 0 0 0 0 0 0 0 1 0
0 -nan(ind) 1 3.037e+09 3.037e+09 3.037e+09 0.333333 -2.35619 6 0 0 0 0 0 0 0 0 0 0
-0.019427 -0.863294 1.23164 41.6173 20 30.7873 0.0655738 -2.69747 50 23 26 23 19 22 21 27 20 13 0
0 -nan(ind) -nan(ind) 3.037e+09 3.037e+09 3.037e+09 1 -2.35619 1 0 0 0 0 0 0 0 0 0 0
0 -nan(ind) 1 3.037e+09 3.037e+09 3.037e+09 1 -2.35619 2 0 0 0 0 0 0 0 0 0 0
-0.0495128 -0.472349 1.35744 113.252 2.82843 61.7285 0.0278689 1.13595 119 127 0 0 0 154 50 79 46 35 0
4.06565e-05 1 1 2 1 1.45711 0.75 0 1 1 1 1 0 1 1 1 1 0 0
2.71043e-05 1 1 2 1 1.30474 1 0 1 1 1 1 0 1 0 1 0 0 0
7.79249e-05 1 1 3.16228 1 2.06413 0.636364 1.24905 1 1 0 1 1 1 1 1 2 2 0
0 -nan(ind) -nan(ind) 3.037e+09 3.037e+09 3.037e+09 1 -2.35619 1 0 0 0 0 0 0 0 0 0 0
0 -nan(ind) -nan(ind) 3.037e+09 3.037e+09 3.037e+09 1 -2.35619 1 0 0 0 0 0 0 0 0 0 0
-0.0481576 -0.63193 1.21116 130.384 2.23607 67.4809 0.0328467 -1.32356 1 1 81 108 50 34 10 41 213 9 0
1.35522e-05 1 1 1 1 1 1 0 1 0 1 0 0 1 0 1 0 0 0
1.35522e-05 1 1 1 1 1 1 0 1 0 1 0 0 1 0 1 0 0 0
1.35522e-05 1 1 1 1 1 1 0 1 0 1 0 0 1 0 1 0 0 0
1.35522e-05 1 1 1 1 1 1 0 1 0 1 0 0 1 0 1 0 0 0
0 -nan(ind) -nan(ind) 3.037e+09 3.037e+09 3.037e+09 1 -2.35619 1 0 0 0 0 0 0 0 0 0 4
-0.0382476 -0.764061 1.21003 102.416 10 54.5259 0.0341686 1.18543 16 13 8 68 91 33 14 13 61 122 0
-0.0016432 -0.952849 1.03228 17.4642 4 9.93932 0.188406 2.01987 6 6 13 4 2 6 16 7 4 5 0
0 -nan(ind) -nan(ind) 3.037e+09 3.037e+09 3.037e+09 1 -2.35619 1 0 0 0 0 0 0 0 0 0 4
0 -nan(ind) -nan(ind) 3.037e+09 3.037e+09 3.037e+09 1 -2.35619 1 0 0 0 0 0 0 0 0 0 0
-0.0474596 -0.546121 1.34469 114.403 10 66.1856 0.019802 0.194817 61 174 78 20 12 41 158 47 7 8 0
4.74325e-05 1 1 2.23607 1 1.74303 0.625 4.13756e-17 2 1 1 1 1 1 0 1 0 0 0
1.35522e-05 1 1 1 1 1 1 0 1 0 1 0 0 1 0 1 0 0 0
1.35522e-05 1 1 1 1 1 1 0 1 0 1 0 0 1 0 1 0 0 0
-0.00195829 -0.973064 1.03111 17.72 5 10.5284 0.138889 2.57027 8 13 5 3 6 15 8 5 4 5 0
0 -nan(ind) -nan(ind) 3.037e+09 3.037e+09 3.037e+09 1 -2.35619 1 0 0 0 0 0 0 0 0 0 0
0 0 1.03831 1.41421 1 1.10355 0.75 1.46302 1 0 0 0 0 0 1 2 0 0 0
-0.00431975 -0.936123 1.05187 32.5576 6 17.0767 0.0894309 1.62913 7 14 20 12 4 4 18 27 10 7 0
-0.0725244 -0.68916 1.32894 139.946 15.2315 77.4431 0.0365497 0.121079 18 46 44 219 43 10 14 75 159 56 0
2.71043e-05 1 1 2 1 1.30474 1 0 1 1 1 1 0 1 0 1 0 0 0
0 -nan(ind) -nan(ind) 3.037e+09 3.037e+09 3.037e+09 1 -2.35619 1 0 0 0 0 0 0 0 0 0 0
-0.076136 -0.769247 1.21006 155.039 8.24621 82.5016 0.0328358 -1.36124 7 20 120 135 37 19 28 112 187 5 0
1.35522e-05 1 1 1 1 1 1 0 1 0 1 0 0 1 0 1 0 0 0
1.35522e-05 1 1 1 1 1 1 0 1 0 1 0 0 1 0 1 0 0 0
0 -nan(ind) -nan(ind) 3.037e+09 3.037e+09 3.037e+09 1 -2.35619 1 0 0 0 0 0 0 0 0 0 0
-0.0555266 -0.761394 1.20552 133.843 14 70.2807 0.0361446 -1.64283 13 13 41 176 41 14 9 61 182 31 0
0 -nan(ind) -nan(ind) 3.037e+09 3.037e+09 3.037e+09 1 -2.35619 0 0 0 0 0 0 0 0 0 1 0
-0.0588096 -0.838753 1.205 128.222 10.7703 64.6142 0.0319549 -0.787171 86 40 25 13 74 141 23 23 7 100 0
1.35522e-05 1 1 1 1 1 1 0 1 0 1 0 0 1 0 1 0 0 0
2.71043e-05 1 1 2 1 1.30474 1 0 1 1 1 1 0 1 0 1 0 0 0
0 -nan(ind) -nan(ind) 3.037e+09 3.037e+09 3.037e+09 1 -2.35619 1 0 0 0 0 0 0 0 0 0 0
0 -nan(ind) -nan(ind) 3.037e+09 3.037e+09 3.037e+09 1 -2.35619 1 0 0 0 0 0 0 0 0 0 0
-3.38804e-06 -1 1 1.41421 1 1.13807 1 0.785398 1 1 0 0 0 0 0 0 1 0 0
-0.06379 -0.678242 1.24689 140.246 7.07107 71.0073 0.0307443 1.22562 35 101 147 7 5 5 151 119 32 16 0
1.35522e-05 1 1 1 1 1 1 0 1 0 1 0 0 1 0 1 0 0 0
4.06565e-05 1 1 2 1 1.45711 0.75 0 1 1 1 1 0 1 1 1 1 0 0
0.000115193 0.944444 1.30839 3.16228 0 2.07766 0.444444 -2.45477e-17 3 2 4 2 1 2 1 1 1 1 0
1.35522e-05 1 1 1 1 1 1 0 1 0 1 0 0 1 0 1 0 0 0
2.71043e-05 1 1 2 1 1.30474 1 1.5708 1 0 1 0 0 1 1 1 1 0 0
2.71043e-05 1 1 2 1 1.30474 1 1.5708 1 0 1 0 0 1 1 1 1 0 0
1.35522e-05 1 1 1 1 1 1 0 1 0 1 0 0 1 0 1 0 0 0
0 -nan(ind) -nan(ind) 3.037e+09 3.037e+09 3.037e+09 1 -2.35619 1 0 0 0 0 0 0 0 0 0 0
-0.0800729 -0.633993 1.24442 169.838 8.24621 89.299 0.0236842 1.53215 36 193 100 9 8 7 235 138 12 22 0
5.75967e-05 1 1 3 1 1.8374 0.777778 0.380506 1 2 1 1 1 0 1 0 1 1 0
1.35522e-05 1 1 1 1 1 1 0 1 0 1 0 0 1 0 1 0 0 0
1.35522e-05 1 1 1 1 1 1 0 1 0 1 0 0 1 0 1 0 0 0
2.71043e-05 1 1 2 1 1.30474 1 1.5708 1 0 1 0 0 1 1 1 1 0 0
2.71043e-05 1 1 2 1 1.30474 1 1.5708 1 0 1 0 0 1 1 1 1 0 0
8.8089e-05 0.896552 1.01798 4.12311 1 2.20872 0.5 0.99118 1 0 2 1 2 1 0 2 2 3 0
-0.0643863 -0.791339 1.26269 102.626 26.6833 61.1572 0.0275591 2.1968 26 70 87 32 18 49 79 73 37 37 1
1.35522e-05 1 1 1 1 1 1 0 1 0 1 0 0 1 0 1 0 0 0
3.72684e-05 1 1 2.23607 1 1.55519 0.857143 0.300348 1 1 1 1 1 0 0 1 0 1 0
0 -nan(ind) 1 3.037e+09 3.037e+09 3.037e+09 0.5 -2.35619 4 0 0 0 0 0 0 0 0 0 0
-0.0610931 -0.636678 1.2275 145.715 11.7047 76.2277 0.0318182 2.83199 111 40 26 28 109 175 9 8 12 142 0
1.35522e-05 1 1 1 1 1 1 0 1 0 1 0 0 1 0 1 0 0 0
-0.000308312 -0.968085 1.0108 10.198 1 5.19334 0.153846 -0.226979 10 3 2 1 7 9 2 1 0 4 0
0 -nan(ind) 1 3.037e+09 3.037e+09 3.037e+09 1 -2.35619 2 0 0 0 0 0 0 0 0 0 0
0 -nan(ind) -nan(ind) 3.037e+09 3.037e+09 3.037e+09 1 -2.35619 1 0 0 0 0 0 0 0 0 0 0
0 -nan(ind) 1 3.037e+09 3.037e+09 3.037e+09 1 -2.35619 2 0 0 0 0 0 0 0 0 0 0
0 -nan(ind) -nan(ind) 3.037e+09 3.037e+09 3.037e+09 1 -2.35619 1 0 0 0 0 0 0 0 0 0 0
-0.108909 -0.636964 1.22458 217.993 13.8924 112.498 0.0171544 -1.25525 41 334 62 25 16 26 421 43 11 12 0
1.35522e-05 1 1 1 1 1 1 0 1 0 1 0 0 1 0 1 0 0 0
1.35522e-05 1 1 1 1 1 1 0 1 0 1 0 0 1 0 1 0 0 0
1.35522e-05 1 1 1 1 1 1 0 1 0 1 0 0 1 0 1 0 0 0
1.35522e-05 1 1 1 1 1 1 0 1 0 1 0 0 1 0 1 0 0 0
1.35522e-05 1 1 1 1 1 1 0 1 0 1 0 0 1 0 1 0 0 0
0 -nan(ind) -nan(ind) 3.037e+09 3.037e+09 3.037e+09 1 -2.35619 1 0 0 0 0 0 0 0 0 0 0
0 -nan(ind) -nan(ind) 3.037e+09 3.037e+09 3.037e+09 1 -2.35619 1 0 0 0 0 0 0 0 0 0 0
0 -nan(ind) -nan(ind) 3.037e+09 3.037e+09 3.037e+09 1 -2.35619 1 0 0 0 0 0 0 0 0 0 0
0 -nan(ind) -nan(ind) 3.037e+09 3.037e+09 3.037e+09 1 -2.35619 1 0 0 0 0 0 0 0 0 0 4
-0.000182954 -0.80597 1.1147 5.65685 1.41421 3.1635 0.363636 0.768975 4 1 2 2 2 2 3 1 2 3 0
0 -nan(ind) 1 3.037e+09 3.037e+09 3.037e+09 0.5 -2.35619 4 0 0 0 0 0 0 0 0 0 0
-0.156175 -0.766644 1.513 149.201 19.6469 90.4388 0.0215517 1.11382 92 15 51 119 111 66 84 74 60 256 0
1.35522e-05 1 1 1 1 1 1 0 1 0 1 0 0 1 0 1 0 0 0
6.09847e-05 0.947368 1.01447 3.16228 1 1.90552 0.7 0.721996 2 1 1 1 0 1 1 0 2 1 0
2.71043e-05 1 1 2 1 1.30474 1 1.5708 1 0 1 0 0 1 1 1 1 0 0
1.35522e-05 1 1 1 1 1 1 0 1 0 1 0 0 1 0 1 0 0 0
-0.000741981 -0.88664 1.04446 9.84886 4 6.28572 0.209302 2.09639 4 3 6 3 3 7 6 3 4 4 0
-0.0210329 -0.632824 1.4178 80.5233 5 40.2021 0.0208333 0.961159 91 87 23 3 3 78 92 20 13 22 0
1.35522e-05 1 1 1 1 1 1 0 1 0 1 0 0 1 0 1 0 0 0
0 -nan(ind) -nan(ind) 3.037e+09 3.037e+09 3.037e+09 1 -2.35619 1 0 0 0 0 0 0 0 0 0 4
0 -nan(ind) -nan(ind) 3.037e+09 3.037e+09 3.037e+09 1 -2.35619 1 0 0 0 0 0 0 0 0 0 0
0 -nan(ind) -nan(ind) 3.037e+09 3.037e+09 3.037e+09 1 -2.35619 1 0 0 0 0 0 0 0 0 0 4
-0.000210058 -0.78481 1.12505 7.07107 2 3.82246 0.307692 1.53304 2 1 1 5 3 3 1 1 6 3 0
0 -nan(ind) 1 3.037e+09 3.037e+09 3.037e+09 1 -2.35619 2 0 0 0 0 0 0 0 0 0 0
0 -nan(ind) -nan(ind) 3.037e+09 3.037e+09 3.037e+09 1 -2.35619 1 0 0 0 0 0 0 0 0 0 0
-0.123497 -0.795266 1.47567 136.693 45.2217 80.5008 0.0205562 -2.63974 133 44 61 168 41 54 65 73 77 111 0
1.35522e-05 1 1 1 1 1 1 0 1 0 1 0 0 1 0 1 0 0 0
-3.38804e-06 -1 1 1.41421 0 0.804738 1 1.1781 0 0 0 0 0 0 0 0 2 1 0
0 -nan(ind) -nan(ind) 3.037e+09 3.037e+09 3.037e+09 1 -2.35619 1 0 0 0 0 0 0 0 0 0 0
-0.00298147 -0.854369 1.30599 20.5183 7 12.6912 0.153061 -1.653 7 5 10 13 13 5 5 14 15 11 0
-0.146136 -0.86166 1.50092 103.947 63.0714 83.9144 0.0345711 -2.79858 141 81 51 79 90 81 52 74 79 53 0
1.35522e-05 1 1 1 1 1 1 0 1 0 1 0 0 1 0 1 0 0 0
6.09847e-05 0.947368 1.01447 3 1 1.8129 0.6 0 1 2 1 2 0 1 1 1 1 0 0
2.71043e-05 1 1 2 1 1.30474 1 0 1 1 1 1 0 1 0 1 0 0 0
1.35522e-05 1 1 1 1 1 1 0 1 0 1 0 0 1 0 1 0 0 0
